4600	4700	RECTANGLE	1	554	682	653	762	video
4500	4600	RECTANGLE	1	553	682	650	761	video
4400	4500	RECTANGLE	1	551	681	647	759	video
4300	4400	RECTANGLE	1	545	681	637	757	video
4200	4300	RECTANGLE	1	538	681	627	756	video
4100	4200	RECTANGLE	1	532	679	619	752	video
4000	4100	RECTANGLE	1	532	676	612	748	video
3900	4000	RECTANGLE	1	533	671	610	742	video
3800	3900	RECTANGLE	1	534	669	609	738	video
3700	3800	RECTANGLE	1	537	669	610	736	video
3600	3700	RECTANGLE	1	539	668	611	734	video
3500	3600	RECTANGLE	1	544	668	611	732	video
3400	3500	RECTANGLE	1	547	668	611	730	video
3300	3400	RECTANGLE	1	551	668	614	729	video
3200	3300	RECTANGLE	1	555	665	615	725	video
3100	3200	RECTANGLE	1	558	663	616	720	video
3000	3100	RECTANGLE	1	562	662	618	718	video
2900	3000	RECTANGLE	1	566	662	619	716	video
2800	2900	RECTANGLE	1	570	662	620	715	video
2700	2800	RECTANGLE	1	574	663	622	714	video
2600	2700	RECTANGLE	1	576	662	624	712	video
2500	2600	RECTANGLE	1	580	662	626	712	video
2400	2500	RECTANGLE	1	584	664	626	712	video
2300	2400	RECTANGLE	1	587	666	627	712	video
2200	2300	RECTANGLE	1	590	666	627	712	video
2100	2200	RECTANGLE	1	591	666	628	709	video
2000	2100	RECTANGLE	1	595	664	628	705	video
1900	2000	RECTANGLE	1	595	662	628	702	video
1800	1900	RECTANGLE	1	599	664	628	702	video
1700	1800	RECTANGLE	1	602	666	628	704	video
1600	1700	RECTANGLE	1	605	667	630	703	video
1500	1600	RECTANGLE	1	617	685	617	685	video
1400	1500	RECTANGLE	1	617	685	617	685	video
1300	1400	RECTANGLE	1	617	685	617	685	video
1200	1300	RECTANGLE	1	617	685	617	685	video
1100	1200	RECTANGLE	1	617	685	617	685	video
1000	1100	RECTANGLE	1	617	685	617	685	video
900	1000	RECTANGLE	1	617	685	617	685	video
800	900	RECTANGLE	1	617	685	617	685	video
700	800	RECTANGLE	1	617	685	617	685	video
600	700	RECTANGLE	1	617	685	617	685	video
500	600	RECTANGLE	1	617	685	617	685	video
400	500	RECTANGLE	1	617	685	617	685	video
300	400	RECTANGLE	1	617	685	617	685	video
200	300	RECTANGLE	1	617	685	617	685	video
100	200	RECTANGLE	1	617	685	617	685	video
0	100	RECTANGLE	1	617	685	617	685	video
